network=alexnet
mode=layer_level
source_ref=src/nns/alexnet.cpp
batch_size=64
num_pes=16
target_raw_layers=19
input_blocks=19
scheduled_blocks=19
num_states=37
best_sub_batch=32
sct_solver=ortools-scip
met_solver=ortools-scip
latency=1182079581.868525
energy=11.509837
edp=13605543852.303537
state_batches=1,1,0,0,0,0,0,0,0,0,0,0,0,0,0,0,0,0,0,1,1,0,0,0,0,0,0,0,0,0,0,0,0,0,0,0,0
